I688027085730897921
693091255685787648
692742353736568833
691616143161819136
692932696645865472
692922211338981377
693803472806760448
693272659447119873
690680310061756416
686421576904916992
689100941119848449
693083689098477568
692004901455556608
764573523713011713
693140568143220736
687617323235147776
693600369281253376
693912520923295745
693523133920342016
767515401831997440
693457310824468480
692764799315398656
767170849472405508
691667941314662400
693921710383337472
767580827513397252
692134022839955456
693804630615166977
685633217160998912
693643778033344512
684118654418419712
766719302401613825
693071700200722433
692497796956561408
688814621034213376
767482587879051265
762775964224847872
641665203046907904
692759090469212160
693068611951300608
693456340790804480
693126696132804608
690915657106526208
686701278785843200
691064699853606913
692881863644282880
693102023764492288
765863022506151937
693802524579618816
693595814401327104
687639526282498049
767463109778894848
693198912660885505
767715489485205505
693443289370882049
693696168908423168
699252269414354944
693501482721681408
692747901815119872
693484841011060737
687734662249246724
690926324903317504
693512850539683842
690522824797196288
691809004356501505
693807822971236353
691976624665919488
693216311502073856
693899062098137088
692800345274241025
765934198297362432
767300637012951040
693769968199061504
693160939802214400
761355585724055553
692927739066740741
767355933919997952
692105324111761408
693214543615561729
692134721195786240
693465666259656705
688763099298529280
683158807959089152
693537938425171968
688110059553861634
764473554431725568
693806234026188801
690296550803636224
692405195796529152
692688891174739968
692046121250586624
693549273468764160
693355140284334081
687617735833026560
693098795022725120
693916809125351425
643807909856415744
692290126282649601
691206970074738688
690145844318834689
692098463262216192
692818857187213313
692812029611089920
764505291853627392
765631087867367426
692842124841123842
690137637810761728
692528931459694592
693925198630821889
665498651742085124
767355611277168642
761027420849745920
692566765822435328
692451275930234880
692537942439501824
693853982293254144
689719109785907200
691986377584549888
693118410444636161
767462297270968321
692854695262445568
767223774072676354
689798164287741953
767360696761905153
691351064868732928
690252631822864384
693032076543655936
691632933170450435
692792765852286977
693116426824093696
692727606718824448
766299795833102336
693533469922693120
690174644071047168
692453106622275585
767668607803359234
692748204064927745
692190570140340229
692745208421679104
693217698482933760
688751183645782016
688520025754304512
693560600471863296
693785810311778304
693629063932596224
692142338890661888
693673606279229440
692332739824095234
692336523090509824
767737100347191297
693079616072880128
767218194385866752
693487871806689280
693873151659249669
690567125128351744
693711272014155776
689853056440221696
692506143147606016
689549346875031552
767823175480647681
693926742814281729
693452449173086210
764653644138450945
693686290408181760
685473149291479040
693722259740069889
693866093123915776
686527768327274497
688441130271289350
693554344298467328
693411834808946688
687631811560763392
691027026552229888
616686132387028992
691700082601758720
689103487880310785
692047663211085825
692217618778972161
767710245779103744
665317131597291520
692423131726749697
692391757775028228
689694470779097088
692031514943582208
693107789007339521
692113839387709444
690431187916099584
676970570160988160
767715524222578688
693459931022913536
689208632148365314
693485676881403905
693204483501887488
693139276708585472
691380138710306816
688461902821855232
689922870689009664
692382471061663744
692780496590254081
691564354567798784
692734579141185536
693476901772513280
765141361033109504
677950378785271808
692113799546048513
682629960826224646
690920430287331328
674713782778654721
693622130735484929
767845555313774593
692031224227958789
689555819059351552
764753085675761664
693122199536934912
691380348379201536
692491478619262976
693534177694609409
691006265137299456
759653274605740032
692838349036326912
767094580634202112
689529955294777344
693492349142433792
688763993633107968
692510002586714113
692707593991643136
766358933296517121
692024256520179712
693236688538243074
692692529779707904
693490132440129536
693121477491757056
692023417575448576
686422922894815233
693056396250652672
693934062445187072
693087256727388161
687766167558164481
764620072228970496
692056985513123840
688096910217879554
692736398462300162
691327238353129472
693573042111270912
692925163994796033
693102420688121856
692287441168900097
693456387880402944
692924229017309184
693481256735150082
761381302260031489
692892472729415680
693792605755285504
688437279405305856
691410231549530112
693658242044542976
689833530197671936
767528171520524288
670380354822348801
688752484966363136
688147918113538049
692267960686284800
684488313512800256
675434959939756032
665302351742275584
767444114229059584
693082547664883712
691299810553384960
693676692309700609
767068504277344260
693131575261659137
693855615618322432
767330549262278658
689799953330368513
766452700049473536
693524179597955072
693718533239365633
692472216135569409
687632433483759616
692374052082708480
688502260779843587
689722724470620161
692127290998784001
684878165714563072
693234925252775936
767768054163996672
688757736310484994
692816955837804544
678733118648524800
693509689418588160
685232704774787072
767520433247809536
692746621218656258
693204708933160960
689214940679409664
764449685897568256
691791477912014850
693123067204243456
692063305297453060
688932211714818048
532602376398462976
407197672702214144
427846006600777729
501881262240694272
527272948680622080
407193347279699968
504106473467944960
524959836778536961
551099691702956032
524952094986350592
531183173443801088
407205404075376640
535474861616148480
407264593027670016
524185876931162112
507257950868885504
524983325275197440
518924377791164420
523863683928457216
407292452060815360
509464217549021184
524934138563133440
407164597511393280
407213772328022016
427652211414274048
407176873605865472
407184730988097536
524923293711998976
525041127343550464
524976106861236226
528676615207653376
407267881131732992
407176055657484289
407162181059612672
536849906997415936
538374385665449985
517053056211357696
562090534945431552
407192126032986112
523655026485366784
445495350171013120
524294016435634178
527286846347567104
514109888138842113
567765185407234049
514100169307348992
524757333608394752
407209892013821952
427690961280696320
436160836524965891
348204426659508226
407177474788057088
407206094747209728
524935246647926784
551128385850601472
524950264303075328
519178213441167360
407262869152358400
525039784503541760
501827465032237056
525291306000846848
514420223873941504
407181813174788096
525009850104037376
514451906211893248
525301290218553344
525077806401994754
525134787778850818
528822281972498432
545271117355958272
519530210795216896
537006518118273025
427831952826449920
507918114567499776
510918747188514816
568075025418317826
525033697045925888
536558567206420480
525005886272843776
514098833253748736
524699123971534848
407217865973329920
504387128013246465
407179055763836928
538408710084001793
517487705978966016
524928878075457536
519131101798100992
567596847330373632
407192027714322432
515717938025078784
509466295344304129
510906049549705216
507263441359613953
407290084593913856
565999191982616577
524685073979678721
407191144880439298
552615631246622721
525116411887513602
519078654635409410
500278294055768064
532231906364911616
407234399093022720
295152287901417472
407163869673443328
536540403109879809
407174474207731712
525029684095221760
407156621450571777
525024518713397249
524962676665888769
407167928313081856
562387516964491265
516729950091493376
407184707118309376
554722567224049664
517051126466625536
504131150429061121
524958128392376320
534205316620382208
524935769614331904
407188779255222273
407248574099894272
536991428694376448
407169885345943552
524961721744900097
407198255793987584
407158558158254081
552498516225179650
551097831851687938
514106939173634048
436146437530075136
514098803347951616
524970097711267841
510921017972514817
566999951449001984
523581212175392768
504304227246538752
532203605236154368
529747368087126019
532276370953752576
524941504796962816
531648145613398016
407223928084766721
427944719612915712
532197572698320896
551159366876147714
524977992683237376
427725166127226881
524961908903149568
514039286845698048
407173794583695360
514142113601437696
407205235682050048
504267796424163328
407182466613792768
510916725953417218
524951893467234304
407232661107642368
407237676350185475
523888836456108032
551123464640536576
407211258304552960
524958992330522624
551106793959862272
508002575858561024
407189015582887936
525300042207612928
518866406512025602
554958414905094144
514106273852174337
524930671220105216
536105045545472000
523939598691741696
528495998537334785
524949828711620608
407213757048160256
509463916586762241
531129816389779456
407218583135997953
407169212428206080
552457656666185728
427780584979836929
551120768164462592
514148279601606656
515519742355185664
563117355254161408
519311120914722816
407258075502899200
529434230938284032
407279190913069056
524929106987991040
519275971758026752
518870005677826050
499683602452717569
407170443443859456
407229989902225408
524291188422356993
407236151167025152
519348106836860929
407164247768977409
527295015643394048
524946179390701568
552568163431247873
524967711492014080
407269894938718208
574062768896212992
524976980799000578
555003887753494528
552661209204260864
528357165677817856
509463933564891137
407170170533064705
538346377794031618
407192370040803329
524987184836005889
525043936331857923
517850508380618752
504131654810877952
427666815842414592
552706985087361025
513779458340569088
532276693931945984
528237933661544448
407167258452971520
574004164570841088
407209131351629824
524925033626738688
407231740764508161
407205009676587009
531085761521528834
524948703850029056
510931521306243072
551103664124100608
524593547807178753
407290871856369664
524950507023245313
524947149134774272
523026678419714048
504244627680272384
436157398269849602
562313802369073153
516321020815228929
551575491430211584
525411618231169025
535474881090322432
336873759271157760
519112613800972288
510908595144519680
525408908484280321
536827853669941248
407275991610818560
536826622725218304
524991067675189250
527308173112139776
525024181218725888
536738726693847041
